# Gnuplot File : positions of 15 particle(s) Monitored
# 1st Column : time, others : particle(s) number 0 60 61 62 63 64 65 66 67 68 571 572 573 574 575 
0.1	3 -7.34788e-16 1.63156e-31	2.42705 1.76336 -3.91544e-16	0.927051 2.85317 -6.33531e-16	-0.927051 2.85317 -6.33531e-16	-2.42705 1.76336 -3.91544e-16	-3 -3.62941e-15 8.05891e-31	-2.42705 -1.76336 3.91544e-16	-0.927051 -2.85317 6.33531e-16	0.927051 -2.85317 6.33531e-16	2.42705 -1.76336 3.91544e-16	0.791317 -0.924318 2.0524e-16	-0.529738 0.901063 -2.00076e-16	-0.756096 -1.23904 2.75123e-16	1.23187 0.864532 -1.91965e-16	-1.61978 -0.0498069 1.10594e-17	
0.2	3 -7.34788e-16 0.1	2.42705 1.76336 0.1	0.927051 2.85317 0.1	-0.927051 2.85317 0.1	-2.42705 1.76336 0.1	-3 -3.62941e-15 0.1	-2.42705 -1.76336 0.1	-0.927051 -2.85317 0.1	0.927051 -2.85317 0.1	2.42705 -1.76336 0.1	0.791317 -0.924318 0.1	-0.529738 0.901063 0.1	-0.756096 -1.23904 0.1	1.23187 0.864532 0.1	-1.61978 -0.0498069 0.1	
0.3	3 -7.34788e-16 0.2	2.42705 1.76336 0.2	0.927051 2.85317 0.2	-0.927051 2.85317 0.2	-2.42705 1.76336 0.2	-3 -3.62941e-15 0.2	-2.42705 -1.76336 0.2	-0.927051 -2.85317 0.2	0.927051 -2.85317 0.2	2.42705 -1.76336 0.2	0.791317 -0.924318 0.2	-0.529738 0.901063 0.2	-0.756096 -1.23904 0.2	1.23187 0.864532 0.2	-1.61978 -0.0498069 0.2	
0.4	3 -7.34788e-16 0.3	2.42705 1.76336 0.3	0.927051 2.85317 0.3	-0.927051 2.85317 0.3	-2.42705 1.76336 0.3	-3 -3.62941e-15 0.3	-2.42705 -1.76336 0.3	-0.927051 -2.85317 0.3	0.927051 -2.85317 0.3	2.42705 -1.76336 0.3	0.791317 -0.924318 0.3	-0.529738 0.901063 0.3	-0.756096 -1.23904 0.3	1.23187 0.864532 0.3	-1.61978 -0.0498069 0.3	
0.5	3 -7.34788e-16 0.4	2.42705 1.76336 0.4	0.927051 2.85317 0.4	-0.927051 2.85317 0.4	-2.42705 1.76336 0.4	-3 -3.62941e-15 0.4	-2.42705 -1.76336 0.4	-0.927051 -2.85317 0.4	0.927051 -2.85317 0.4	2.42705 -1.76336 0.4	0.791317 -0.924318 0.4	-0.529738 0.901063 0.4	-0.756096 -1.23904 0.4	1.23187 0.864532 0.4	-1.61978 -0.0498069 0.4	
0.6	3 -7.34788e-16 0.5	2.42705 1.76336 0.5	0.927051 2.85317 0.5	-0.927051 2.85317 0.5	-2.42705 1.76336 0.5	-3 -3.62941e-15 0.5	-2.42705 -1.76336 0.5	-0.927051 -2.85317 0.5	0.927051 -2.85317 0.5	2.42705 -1.76336 0.5	0.791317 -0.924318 0.5	-0.529738 0.901063 0.5	-0.756096 -1.23904 0.5	1.23187 0.864532 0.5	-1.61978 -0.0498069 0.5	
0.7	3 -7.34788e-16 0.6	2.42705 1.76336 0.6	0.927051 2.85317 0.6	-0.927051 2.85317 0.6	-2.42705 1.76336 0.6	-3 -3.62941e-15 0.6	-2.42705 -1.76336 0.6	-0.927051 -2.85317 0.6	0.927051 -2.85317 0.6	2.42705 -1.76336 0.6	0.791317 -0.924318 0.6	-0.529738 0.901063 0.6	-0.756096 -1.23904 0.6	1.23187 0.864532 0.6	-1.61978 -0.0498069 0.6	
0.8	3 -7.34788e-16 0.7	2.42705 1.76336 0.7	0.927051 2.85317 0.7	-0.927051 2.85317 0.7	-2.42705 1.76336 0.7	-3 -3.62941e-15 0.7	-2.42705 -1.76336 0.7	-0.927051 -2.85317 0.7	0.927051 -2.85317 0.7	2.42705 -1.76336 0.7	0.791317 -0.924318 0.7	-0.529738 0.901063 0.7	-0.756096 -1.23904 0.7	1.23187 0.864532 0.7	-1.61978 -0.0498069 0.7	
0.9	3 -7.34788e-16 0.8	2.42705 1.76336 0.8	0.927051 2.85317 0.8	-0.927051 2.85317 0.8	-2.42705 1.76336 0.8	-3 -3.62941e-15 0.8	-2.42705 -1.76336 0.8	-0.927051 -2.85317 0.8	0.927051 -2.85317 0.8	2.42705 -1.76336 0.8	0.791317 -0.924318 0.8	-0.529738 0.901063 0.8	-0.756096 -1.23904 0.8	1.23187 0.864532 0.8	-1.61978 -0.0498069 0.8	
1	3 -7.34788e-16 0.9	2.42705 1.76336 0.9	0.927051 2.85317 0.9	-0.927051 2.85317 0.9	-2.42705 1.76336 0.9	-3 -3.62941e-15 0.9	-2.42705 -1.76336 0.9	-0.927051 -2.85317 0.9	0.927051 -2.85317 0.9	2.42705 -1.76336 0.9	0.791317 -0.924318 0.9	-0.529738 0.901063 0.9	-0.756096 -1.23904 0.9	1.23187 0.864532 0.9	-1.61978 -0.0498069 0.9	
