# Gnuplot File : forces of 15 particle(s) Monitored
# 1st Column : time, others : particle(s) number 1 51 52 53 54 55 56 57 58 59 576 577 578 579 580 
0.1	0 -0.00787319 0	0 -0.00787319 0	0 -0.00787319 0	0 -0.00787319 0	0 -0.00787319 0	0 -0.00787319 0	0 -0.00787319 0	0 -0.00787319 0	0 -0.00787319 0	0 -0.00787319 0	0 -0.00787319 0	0 -0.00787319 0	0 -0.00787319 0	0 -0.00787319 0	0 -0.00787319 0	
0.2	16.4139 1.60084 28.9726	8.84919 6.01142 17.0979	3.53163 12.2057 20.5043	-3.29011 11.8148 17.01	-10.7409 10.313 27.8359	-14.8099 -1.59151 24.2972	-14.1202 -7.50035 31.1774	-4.33171 -15.0362 19.1685	5.76908 -13.4006 28.1691	8.504 -6.73219 18.5979	19.4533 -9.99309 70.093	-15.174 0.933137 69.366	11.8889 15.8914 39.3378	-4.38597 -17.3213 50.7091	-3.03009 18.0417 20.3046	
0.3	299.901 19.1601 526.95	183.366 122.744 350.775	71.0421 267.133 454.641	-75.2716 217.637 315.555	-201.965 170.673 495.525	-245.031 -18.655 403.895	-247.135 -134.89 550.147	-86.5671 -272.049 346.671	108.289 -242.127 530.575	171.329 -138.246 381.51	56.7587 -89.4065 677.621	-90.0165 -38.1702 799.393	124.092 40.2281 526.263	2.24888 -35.4624 449.072	-76.1085 129.158 401.229	
0.4	434.829 27.434 763.9	265.75 177.65 508.338	103.251 386.404 658.078	-108.61 314.914 456.673	-291.708 246.754 716.509	-354.107 -27.1184 583.944	-356.995 -195.084 795.628	-124.783 -393.581 501.482	157.023 -350.522 767.932	248.156 -200.304 552.603	81.9709 -129.648 980.031	-128.927 -55.4261 1155.29	179.948 57.787 761.522	4.09065 -50.9066 648.526	-109.654 186.297 580.65	
0.5	615.084 38.6691 1080.85	376.038 251.494 719.804	146.354 547.128 932.2	-153.734 445.777 646.911	-412.931 348.962 1014.1	-500.696 -38.4006 825.858	-504.62 -275.525 1124.85	-176.328 -556.251 708.89	221.954 -495.305 1085.6	350.888 -283.135 781.46	114.425 -182.862 1383.77	-181.244 -78.5328 1631.85	254 80.5325 1076.35	5.96951 -70.6896 915.277	-155.46 262.336 821.855	
0.6	825.838 51.4915 1451.5	504.99 337.714 967.245	196.99 734.81 1252.77	-206.314 598.466 869.163	-554.372 468.043 1361.48	-671.761 -51.5445 1108.34	-677.035 -369.415 1509.82	-236.642 -746.684 951.839	298.016 -664.842 1457.7	471.206 -380.22 1049.61	150.653 -244.541 1852.94	-241.368 -105.817 2187	340.069 105.564 1443.31	8.61243 -92.1442 1224.96	-208.724 350.076 1103.46	
0.7	1041.93 64.5224 1831.75	637.16 426.123 1221.23	249.125 927.245 1581.84	-260.171 755.122 1097.56	-699.546 590.16 1718.13	-847.337 -65.0704 1398.41	-853.971 -465.562 1905.11	-298.478 -942.19 1201.4	376.066 -838.767 1839.58	594.619 -479.768 1324.69	187.932 -307.791 2335	-303.154 -133.667 2757.34	428.411 131.329 1819.7	11.2233 -114.194 1543.26	-263.313 440.181 1392.17	
0.8	1258.43 77.4467 2212.9	769.492 514.661 1475.89	301.561 1119.95 1911.75	-314.052 912.112 1326.82	-845.114 712.491 2075.84	-1023.43 -78.6876 1689.46	-1031.42 -561.793 2301.76	-360.468 -1138.38 1452.01	454.353 -1013.19 2222.71	718.352 -579.537 1600.52	224.819 -370.975 2817.61	-364.585 -161.615 3328.28	516.828 156.855 2196.14	13.9954 -135.496 1861.52	-318.001 530.212 1681.17	
0.9	1473.88 90.18 2592.4	901.084 602.721 1729.48	353.97 1311.66 2240.35	-367.595 1068.38 1555.41	-990.134 834.235 2432.28	-1198.89 -92.3233 1979.6	-1208.22 -657.497 2697.2	-422.197 -1333.98 1702.01	532.371 -1186.92 2604.53	841.579 -678.87 1875.25	261.938 -433.929 3299.59	-425.91 -189.313 3897.85	604.956 182.499 2571.06	16.6123 -156.906 2179.36	-372.474 620.105 1968.54	
1	1687.95 102.717 2969.67	1031.76 690.193 1981.67	406.233 1502.06 2567.08	-420.73 1223.7 1782.99	-1134.38 955.188 2786.89	-1373.43 -105.94 2268.38	-1384.11 -752.526 3090.83	-483.583 -1528.7 1951.08	610.009 -1359.75 2984.52	964.128 -777.624 2148.49	298.74 -496.427 3779.06	-486.759 -216.812 4464.38	692.551 207.94 2943.38	19.2065 -177.872 2495.49	-426.591 709.426 2253.91	
