0.000000000000000000e+00 0.000000000000000000e+00 0.000000000000000000e+00 0.000000000000000000e+00 0.000000000000000000e+00 0.000000000000000000e+00
0.000000000000000000e+00 0.000000000000000000e+00 0.000000000000000000e+00 0.000000000000000000e+00 0.000000000000000000e+00 0.000000000000000000e+00
3.840783876723471657e+00 -2.956495612457180400e+00 3.099583933878009248e+02 -7.270273669339442912e-02 4.648927605941874375e-01 8.475836177173741437e-03
7.706326403759577559e+00 -5.926224153585721410e+00 6.206043658692265126e+02 -1.448362238130212476e-01 9.317869340918709664e-01 1.701770849036884567e-02
1.159685939464238658e+01 -8.909296972379863178e+00 9.319464065675873599e+02 -2.163917160071621992e-01 1.400699419792906797e+00 2.562611737235901202e-02
1.551261149799446315e+01 -1.190582730619372498e+01 1.243993138200915837e+03 -2.873603185993323095e-01 1.871647291912862165e+00 3.430163133137704989e-02
1.945382256308108282e+01 -1.491592832187978068e+01 1.556753313618319225e+03 -3.577330195054249096e-01 2.344647827580423893e+00 4.304478827140777175e-02
2.342072905675899008e+01 -1.793971704226060737e+01 1.870235824500081662e+03 -4.275006577024655363e-01 2.819718473098799194e+00 5.185612292962320929e-02
2.741357339223168310e+01 -2.097731009793659140e+01 2.184449699238470657e+03 -4.966539433724992958e-01 3.296876864207044733e+00 6.073619856247160220e-02
3.143259618800527377e+01 -2.402882409954560217e+01 2.499404111194760389e+03 -5.651834455493047749e-01 3.776140838677945588e+00 6.968556192362238000e-02
3.547804520011465002e+01 -2.709437875959980957e+01 2.815108369341489379e+03 -6.330795909793940357e-01 4.257528411664088352e+00 7.870478867576602422e-02
3.955017077598272834e+01 -3.017409421181315565e+01 3.131571936372706659e+03 -7.003326633269162382e-01 4.741057806060403834e+00 8.779441698533907434e-02
4.364922372628624458e+01 -3.326809282785474409e+01 3.448804420255983132e+03 -7.669327960598699701e-01 5.226747435298586097e+00 9.695503122996584899e-02
4.777545747056887393e+01 -3.637649593971634943e+01 3.766815580781204517e+03 -8.328699741264996570e-01 5.714615901537729137e+00 1.061871947703054014e-01
5.192913053941816770e+01 -3.949942792819702220e+01 4.085615330992794497e+03 -8.981340382164963998e-01 6.204682026486125324e+00 1.154914872787145552e-01
4.389838159883097291e+01 -8.067878626912235518e+01 4.571295364790204985e+03 -4.237309314814040329e-02 6.960029235021282012e+00 2.974311856548146893e-01
3.087952679118551558e+01 -1.214717566513550793e+02 5.059513449405219035e+03 7.767436735860304697e-01 7.577009883159341541e+00 4.663955486579374754e-01
1.766896445818659700e+01 -1.626550187794609030e+02 5.550752140979931028e+03 1.600362829345814308e+00 8.196882995796521243e+00 6.357536250547871637e-01
4.280441639547371224e+00 -2.042655714341888142e+02 6.045030747354305277e+03 2.429370592657066119e+00 8.820291660958618607e+00 8.059328263154060812e-01
-9.288231022178537799e+00 -2.463102503127896057e+02 6.542392173254693262e+03 3.263840697968997340e+00 9.447270595339245958e+00 9.769484721501456859e-01
-2.303928984377746403e+01 -2.887951382579081496e+02 7.042879046782612022e+03 4.103826489120773857e+00 1.007784700241396791e+01 1.148807629417983200e+00
-3.697496700064575492e+01 -3.317263707987000316e+02 7.546534403658091833e+03 4.949381171240355926e+00 1.071204799228809890e+01 1.321517280538445194e+00
-5.152733400401525898e+01 -3.756943834796489909e+02 8.056803224997129291e+03 5.812951979605166741e+00 1.135368643586856763e+01 1.498013317877918471e+00
-8.990603101992192592e+01 -4.346515008582024961e+02 8.678702318616118646e+03 6.953690931828544919e+00 1.187999671334200080e+01 1.737823155229909489e+00
-1.289274267896574031e+02 -4.943982833748451071e+02 9.305517355011255859e+03 8.103443666661105382e+00 1.240567818293446400e+01 1.979182456927661038e+00
-1.954843049378730484e+02 -5.671196571590323856e+02 1.005194970397377256e+04 9.482525068670675239e+00 1.279103821881014191e+01 2.278365219780678963e+00
-2.662940003571036414e+02 -6.415005744714073899e+02 1.081534223475444014e+04 1.088094427672634090e+01 1.314665089406558174e+01 2.582377973762207901e+00
-3.373536357664870025e+02 -7.165965516939619420e+02 1.158203533139404681e+04 1.228431301128218500e+01 1.350579410028692173e+01 2.886497284048744838e+00
-4.459789214474802179e+02 -7.999643140122186651e+02 1.249285836462108091e+04 1.382816297005347295e+01 1.365115557755636111e+01 3.237587845585904400e+00
-5.580144655823715993e+02 -8.842411474826541280e+02 1.341627330814014385e+04 1.537712475079091945e+01 1.377537880186489971e+01 3.590524652239388992e+00
-6.703702669810575117e+02 -9.694051749091628380e+02 1.434287908341598086e+04 1.693132199559005002e+01 1.390245019114961877e+01 3.943791617272804473e+00
-7.910347509841066085e+02 -1.054528720513318149e+03 1.529896685032129790e+04 1.848048564092200508e+01 1.398391399812350500e+01 4.299736469435284647e+00
-9.495770485657589006e+02 -1.137535695946793567e+03 1.638473027864912001e+04 2.001005090341001491e+01 1.384841515443961768e+01 4.671958237087304511e+00
-1.108677566269833051e+03 -1.221473773983358569e+03 1.747359971889710141e+04 2.154475531572286684e+01 1.371372654339984010e+01 5.044920580028901647e+00
-1.268200837013149112e+03 -1.306352620307625557e+03 1.856487614377390128e+04 2.308443127139508988e+01 1.358020678905913314e+01 5.418351153171832024e+00
-1.428127323490058188e+03 -1.392168221275280303e+03 1.965851459421830805e+04 2.462891947762192757e+01 1.344801468853714965e+01 5.792165039772397606e+00
-1.588448396405162384e+03 -1.478921405872882588e+03 2.075448978559601164e+04 2.617817484035086295e+01 1.331718710473036893e+01 6.166351359576042412e+00
-1.781016142887853448e+03 -1.549333468890412632e+03 2.194582590080066075e+04 2.752265808506296807e+01 1.300655914342065778e+01 6.517292155797810516e+00
-1.983288472529376349e+03 -1.618557735195134455e+03 2.317260784661132129e+04 2.885581119796306027e+01 1.265639246125955353e+01 6.870853027528644574e+00
-2.186155811876864391e+03 -1.688611909745685580e+03 2.440104540454237213e+04 3.019339742388174841e+01 1.230474537700790272e+01 7.225480396248335602e+00
-2.389491007052880377e+03 -1.759487854210816522e+03 2.563087617174287880e+04 3.153486568565377723e+01 1.195272831098484367e+01 7.580523496770329217e+00
-2.593263118029133693e+03 -1.831178772801997638e+03 2.686206587363880681e+04 3.288001271636529310e+01 1.160068705062332661e+01 7.935838559686173355e+00
-2.797461280103606441e+03 -1.903683345046890508e+03 2.809459402139889426e+04 3.422877984839347931e+01 1.124870559851104801e+01 8.291397323429988475e+00
-3.002078430482069507e+03 -1.977001562791390825e+03 2.932844170662317629e+04 3.558113935094092994e+01 1.089681541493820838e+01 8.647193975114619846e+00
-3.207108268933060572e+03 -2.051133688131907547e+03 3.056359046875970671e+04 3.693707000516578631e+01 1.054503763262215621e+01 9.003227058020675244e+00
-3.412544689649863358e+03 -2.126080038458883337e+03 3.180002214042831474e+04 3.829655231069678933e+01 1.019339097333811850e+01 9.359496129011663612e+00
-3.635150939436027784e+03 -2.173805622047385896e+03 3.307622648499618663e+04 3.934285691805266794e+01 9.766363811851054066e+00 9.648587694378047530e+00
-3.868397340116063333e+03 -2.216530070167286340e+03 3.439217849655850296e+04 4.035346096569529095e+01 9.293297428088623136e+00 9.962855311538536540e+00
-4.103560235396079406e+03 -2.260429649705051361e+03 3.571218066678425384e+04 4.137253847224379655e+01 8.817626172748477487e+00 1.026567996862348942e+01
-4.341800273818785172e+03 -2.304355388989817584e+03 3.702114416767709190e+04 4.239175202686550392e+01 8.324681407352297668e+00 1.055023424199604776e+01
-4.575427832175501862e+03 -2.350901886028334047e+03 3.836008836931097176e+04 4.344372242784981353e+01 7.864401652018800704e+00 1.087610535327251071e+01
-4.806591789664745193e+03 -2.390014502783616081e+03 3.965599885627979529e+04 4.438590737041405987e+01 7.373256295411231065e+00 1.114953923597770391e+01
-5.046664872135478618e+03 -2.442500928829247187e+03 4.099534329308462475e+04 4.555214122085435946e+01 6.917921940672809633e+00 1.145671777944747483e+01
-5.280732452231823117e+03 -2.486307340905015735e+03 4.229258906091177778e+04 4.640411112196083820e+01 6.372293494511519718e+00 1.174291704441314366e+01
-5.521065938561678195e+03 -2.537388290843237428e+03 4.365085500647223671e+04 4.767105741504454386e+01 6.017744993851671609e+00 1.205667179018946022e+01
-5.753129404929908560e+03 -2.583649230272176737e+03 4.493063139905948628e+04 4.844517727065355217e+01 5.330748263859495850e+00 1.234561934689110885e+01
-5.999212626756836471e+03 -2.630242659618430480e+03 4.630214480022426869e+04 4.974341797602667015e+01 5.164393584289037165e+00 1.266078924712519260e+01
-6.224724525653532510e+03 -2.689716205363700738e+03 4.757806345033186517e+04 5.059781740046886966e+01 4.190136808773947230e+00 1.296281668448354019e+01
-6.484997609003839898e+03 -2.712655809788107945e+03 4.892363167696180608e+04 5.157466606773355977e+01 4.419081250721439424e+00 1.324745415722323827e+01
-6.691836042734516923e+03 -2.824191275112559197e+03 5.028748551699161908e+04 5.336652015262743731e+01 2.884855191837351729e+00 1.362508930459643608e+01
-6.967547920744031217e+03 -2.749780010077193310e+03 5.130042314363981131e+04 5.190996313636527759e+01 3.764770275392419485e+00 1.371558067049737240e+01
-7.080596612466206352e+03 -3.041497071557241725e+03 5.308123001235987613e+04 5.922986473017873266e+01 2.098472919615456345e+00 1.450019654050969642e+01
-7.202023319685148635e+03 -2.618471916554127347e+03 5.115032423185813241e+04 4.335892306005860064e+01 1.397426465497176196e+00 1.325203688800936064e+01
-7.613597061537792797e+03 -3.068946341124511491e+03 5.506502260573510284e+04 6.627725930384839614e+01 4.811784160214315875e+00 1.565690669327225848e+01
-6.913405026471193196e+03 -3.227039396072444561e+03 5.467386498751938780e+04 6.856257334389447067e+01 2.191219033834441987e+01 1.503967647692591214e+01
-6.010906834060180699e+03 -2.329442866254700675e+03 4.458462015414414054e+04 3.858342600428890989e+01 -8.784098736819018427e+00 1.141226444305152654e+01
-3.771648438280646587e+03 -3.560102354546778315e+03 3.983602841318046558e+04 5.921669471665348539e+01 -9.075798376521662547e+00 1.294853528101734774e+01
-5.778492662242811093e+03 -2.025618502741591328e+03 4.425601510444980522e+04 3.563939848735395088e+01 2.354028869313191663e+01 1.099591676555833253e+01
-5.417843538181968142e+03 -2.252401603945324041e+03 4.523835627170132648e+04 5.829633157518792785e+01 2.480276984474418356e+00 1.288670371102621282e+01
-5.934905941763910960e+03 -2.506331219068365499e+03 4.454899362568209472e+04 2.449109299910526261e+01 8.317234268584861923e+00 9.433258835565318634e+00
-5.018860181499903774e+03 -2.984232027511257456e+03 4.824435065975673933e+04 7.622637197169251522e+01 2.208945072037337809e+01 1.460111193708753419e+01
-5.348771405492795566e+03 -2.872027067908023582e+03 4.415634779488110507e+04 3.465389047995197558e+01 -7.980975192654758743e+00 1.102504182357522211e+01
-5.443735590169516399e+03 -3.167792531902863175e+03 4.720741489819090930e+04 6.316510459520465304e+01 3.144652379961470956e+01 1.479500520948832687e+01
-5.555619329737937733e+03 -3.004366817353014540e+03 4.503473663113823568e+04 4.471827887801110535e+01 2.775920062697591106e+01 1.244050535574178795e+01
-5.097029872893735046e+03 -1.566632986779603470e+03 3.857704399997735163e+04 1.600752539984860334e+01 1.682768028668132487e+01 9.856194826782692431e+00
-5.992531297327700486e+03 -2.421380774834424756e+03 4.087652765669771907e+04 1.921868115498882190e+01 2.378616223025189491e-01 1.058213560657874552e+01
-5.757148597335441991e+03 -2.442716599735404088e+03 5.037796213224800158e+04 7.390361280627038809e+01 1.821933415580638638e+01 1.649666535359112629e+01
-6.691515295637706913e+03 -3.506639271819733040e+03 6.052164962810627185e+04 6.183475993403817483e+01 2.363590043306566102e+01 1.447434702465504586e+01
-8.037168394346609603e+03 -4.057179385737877510e+03 6.127193420894597512e+04 5.756514314874897309e+01 -1.782948693060565404e+01 1.533358392954053961e+01
3.033343539043924011e+02 1.104502280804035195e+02 2.590462397583950224e+04 -1.856031743935056610e+01 3.262449461514518134e+01 1.196863891575465244e+00
-6.807761651442026960e+03 -1.856075320177353206e+03 1.460350359826387721e+05 1.195665807137008301e+02 1.820469288262153214e+02 1.656145692708928863e+01
-7.283379014091848512e+04 5.957403843153306298e+03 1.276974198364851618e+05 1.694173931691688608e+02 -2.316951702854593123e+02 7.973465581859220208e+01
1.965216640609649403e+03 -3.426400186781415414e+03 -8.717551153909449567e+03 6.936033008567193292e+01 6.160879887413210909e-01 -9.796947637383900087e+01
7.906727166998962275e+03 1.074953037878376199e+04 9.420516644662935869e+04 -5.563585796307251741e+01 1.192959838850484147e+02 -1.794719053736400838e+01
-3.432618307416264724e+04 3.517746695634249591e+03 1.509015507985991717e+05 8.667925741223218949e+01 -1.374114565356691458e+02 3.220728076730372891e+01
-4.440347421311656944e+03 -4.581755984529231682e+03 2.224745309571415419e+04 4.931945615210245393e+01 1.224012858594652364e+01 5.819035099578960590e+00
3.636386364604702976e+03 1.949950247609530834e+03 4.582107604420900316e+04 -3.455964722477060747e+01 7.200527552284960109e+01 -9.331057537231419730e+00
-8.073064940492780806e+03 -4.736130977973693007e+03 2.921764815131734213e+04 1.151883223858812073e+02 1.223492190506069477e+01 -3.678958891307866352e-01
1.354366956379083604e+04 3.469388753539321624e+04 9.408204888825434318e+04 -2.840823199527853262e+02 3.064464307465323145e+02 -9.419355124691495007e+01
5.993102842084618715e+03 -8.378099970815659617e+03 5.004025634305886342e+03 1.115067884951558881e+02 8.992172354745611074e+01 3.230609179757983895e-01
2.943545083910642461e+03 -1.633816992468795888e+03 3.713398146748806175e+04 3.112047171355528263e+01 5.844022550574308639e+01 7.756238913718501493e+00
-1.775862011352100672e+04 1.224211229525149975e+04 4.714987613125704229e+04 -7.560333378122854242e+01 -2.401074038055884614e+02 -2.689221171176320979e+01
-1.582163599584698659e+03 -6.937713529283766547e+03 2.659440114297633409e+04 3.649006064074355038e+01 1.376993832646262028e+01 -1.710863160986870923e+01
2.117096470044679882e+04 1.843001252931622366e+04 3.244873708244890804e+04 -2.320940975051567250e+02 2.137999800551605745e+02 -9.726560657812986221e+01
9.944592593027178737e+03 -8.893044509053042930e+03 -2.175098988539497441e+03 1.160309164063186813e+02 8.055194718388449360e+01 -3.860613970288316210e+00
-6.105975123274117323e+03 6.470530081937660725e+03 6.084563121343876992e+04 -6.905894225091735450e+01 2.818388105135900545e+01 -1.444309791127834508e+01
-3.773978217090802445e+03 -1.784329711662524232e+03 1.976608948797050107e+04 -9.045749184155303624e+01 -6.305448655135181468e+01 -7.001426229137322821e+00
-3.711707029321996288e+03 1.176574365322142148e+04 7.411355271335149882e+04 -1.438578324789113481e+02 9.744855550189936366e+01 -2.387049662234672098e+01
2.253012745595995511e+03 -7.265950463996416147e+03 -4.649399187029359018e+04 -2.217623202745630522e+02 -1.129338479682231053e+02 -3.999098258676090722e+01
5.415099215772102070e+03 1.966840911401312724e+03 1.581252030709326391e+04 -9.314364222197714582e+01 1.000169979798427704e+02 -1.626848891738906033e+01
