3.791279238625734215e-09 0.000000000000000000e+00 1.000000001879497358e+04 0.000000000000000000e+00 7.893872484525648742e-11 0.000000000000000000e+00
-2.732936866186798281e-10 0.000000000000000000e+00 1.000000001879497358e+04 0.000000000000000000e+00 -5.739877764002156251e-12 0.000000000000000000e+00
-1.014493925757981049e-10 0.000000000000000000e+00 1.000000001879497358e+04 0.000000000000000000e+00 -2.159788304775453280e-12 0.000000000000000000e+00
-1.139598911172432956e-10 0.000000000000000000e+00 1.000000001879497358e+04 0.000000000000000000e+00 -2.420423691055561554e-12 0.000000000000000000e+00
-1.158527148503410062e-10 0.000000000000000000e+00 1.000000001879497358e+04 0.000000000000000000e+00 -2.459857518828430256e-12 0.000000000000000000e+00
-1.157998397632394552e-10 0.000000000000000000e+00 1.000000001879497358e+04 0.000000000000000000e+00 -2.458755954513814744e-12 0.000000000000000000e+00
-1.158207569389265392e-10 0.000000000000000000e+00 1.000000001879497358e+04 0.000000000000000000e+00 -2.459191729007295795e-12 0.000000000000000000e+00
-1.158133897570866556e-10 0.000000000000000000e+00 1.000000001879497358e+04 0.000000000000000000e+00 -2.459038246052298087e-12 0.000000000000000000e+00
-1.159680403535294529e-10 0.000000000000000000e+00 1.000000001879497358e+04 0.000000000000000000e+00 -2.462260133478189832e-12 0.000000000000000000e+00
-1.157397982349475915e-10 0.000000000000000000e+00 1.000000001879497358e+04 0.000000000000000000e+00 -2.457505089341067853e-12 0.000000000000000000e+00
-1.165486425343336071e-10 0.000000000000000000e+00 1.000000001879497358e+04 0.000000000000000000e+00 -2.474356012244942908e-12 0.000000000000000000e+00
